function [b, a] = classical_doppler_spectrum()
a = [1.0000e+0, -4.4153e+0, 8.6283e+0, -9.4592e+0, 6.1051e+0, -1.3542e+0, -3.3622e+0, 7.2390e+0, -7.9361e+0, 5.1221e+0, -1.8401e+0, 2.8706e-1];
b = [1.3651e-4, 8.1905e-4, 2.0476e-3, 2.7302e-3, 2.0476e-3, 9.0939e-4, 6.7852e-4, 1.3550e-3, 1.8067e-3, 1.3550e-3, 5.3726e-4, 6.1818e-5, -7.1294e-5, -9.5058e-5, -7.1294e-5, -2.5505e-5, 1.3321e-5, 4.5186e-5, 6.0248e-5, 4.5186e-5, 1.8074e-5, 3.0124e-6];
end
